Enter the number of equations: 
a[0, 0] = a[0, 1] = a[0, 2] = a[1, 0] = a[1, 1] = a[1, 2] = a[2, 0] = a[2, 1] = a[2, 2] = b[0] = b[1] = b[2] = 
Enter initial values of x
x:[0] = x:[1] = x:[2] = 
Enter the allowed error: 
x1 = -0.571429 x2 = 1.392857 x3 = -0.829365 
x1 = -0.092971 x2 = 0.962231 x3 = -0.611402 
x1 = -0.246387 x2 = 1.082321 x3 = -0.683291 
x1 = -0.205190 x2 = 1.045063 x3 = -0.664543 
x1 = -0.218479 x2 = 1.055416 x3 = -0.670775 
x1 = -0.214932 x2 = 1.052192 x3 = -0.669163 

The final solution is:
x[0] = -0.214932
x[1] = 1.052192
x[2] = -0.669163

